image: ammaroffice.pgm
resolution: 0.050000
origin: [-14.777158, -7.294331, 0.000000]
negate: 0
occupied_thresh: 0.65
free_thresh: 0.196

